camera_matrix:
- - 311.88954607201356
  - 0.0
  - 196.8360416765062
- - 0.0
  - 310.8447039610043
  - 150.30613167677745
- - 0.0
  - 0.0
  - 1.0
dist_coeff:
- - 0.29032581090253656
  - -1.0977414619670978
  - 0.0006885765854963495
  - -0.0024954366149763044
  - 1.4494251951183654
