camera_matrix:
- - 3401.272586782404
  - 0.0
  - 1537.7254325048232
- - 0.0
  - 3388.949156166238
  - 813.4349864861484
- - 0.0
  - 0.0
  - 1.0
dist_coeff:
- - -0.8835228742047293
  - 1.0931404692057272
  - 0.0058244300400023125
  - -0.03918490806631842
  - -1.5817247438541113
