camera_matrix:
- - 2045.5746827450528
  - 0.0
  - 968.5815152160932
- - 0.0
  - 2039.8140914067424
  - 439.8879712988986
- - 0.0
  - 0.0
  - 1.0
dist_coeff:
- - -0.34751515232069713
  - -0.026926851349766648
  - 0.0016986326942538671
  - -0.002440052434565935
  - 0.45355638161041184
