camera_matrix:
- - 2056.2982219364476
  - 0.0
  - 689.2330639115278
- - 0.0
  - 2051.755471517844
  - 380.8535570305406
- - 0.0
  - 0.0
  - 1.0
dist_coeff:
- - -0.4579676455460238
  - 1.3451991150270963
  - -0.0020223889828720806
  - 0.0071276528467398605
  - -4.057093541563265
