camera_matrix:
- - 11059.989422620742
  - 0.0
  - 3061.432477797014
- - 0.0
  - 11094.365742989801
  - 1962.2766054835024
- - 0.0
  - 0.0
  - 1.0
dist_coeff:
- - 0.032881532465942886
  - -0.06949905010404654
  - -0.002075055880912059
  - -0.0017558486893277346
  - 0.9343362955181838
