camera_matrix:
- - 6708.516669590582
  - 0.0
  - 1040.6941969117515
- - 0.0
  - 6577.8414600910555
  - 533.7918341809906
- - 0.0
  - 0.0
  - 1.0
dist_coeff:
- - -3.79037048567474
  - -6.236333206446616
  - -0.14619419999123587
  - 0.05590719132595084
  - 559.2912370934938
